94712345601
94712345602
94712345603
94712345604
94712345605
94712345606
94712345607
94712345608
94712345609
94712345610
94712345611
94712345612
94712345613
94712345614
94712345615
94712345616
94712345617
94712345618
94712345619
94712345620
94712345621
94712345622
94712345623
94712345624
94712345625
94712345626
94712345627
94712345628
94712345629
94712345630
94712345631
94712345632
94712345633
94712345634
94712345635
94712345636
94712345637
94712345638
94712345639
94712345640
94712345641
94712345642
94712345643
94712345644
94712345645
94712345646
94712345647
94712345648
94712345649
94712345650
94712345651
94712345652
94712345653
94712345654
94712345655
94712345656
94712345657
94712345658
94712345659
94712345660
94712345661
94712345662
94712345663
94712345664
94712345665
94712345666
94712345667
94712345668
94712345669
94712345670
94712345671
94712345672
94712345673
94712345674
94712345675
94712345676
94712345677
94712345678
94712345679
94712345680
94712345681
94712345682
94712345683
94712345684
94712345685
94712345686
94712345687
94712345688
94712345689
94712345690
94712345691
94712345692
94712345693
94712345694
94712345695
94712345696
94712345697
94712345698
94712345699
94712345700
94712345701
94712345702
94712345703
94712345704
94712345705
94712345706
94712345707
94712345708
94712345709
94712345710
94712345711
94712345712
94712345713
94712345714
94712345715
94712345716
94712345717
94712345718
94712345719
94712345720
94712345721
94712345722
94712345723
94712345724
94712345725
94712345726
94712345727
94712345728
94712345729
94712345730
94712345731
94712345732
94712345733
94712345734
94712345735
94712345736
94712345737
94712345738
94712345739
94712345740
94712345741
94712345742
94712345743
94712345744
94712345745
94712345746
94712345747
94712345748
94712345749
94712345750
94712345751
94712345752
94712345753
94712345754
94712345755
94712345756
94712345757
94712345758
94712345759
94712345760
94712345761
94712345762
94712345763
94712345764
94712345765
94712345766
94712345767
94712345768
94712345769
94712345770
94712345771
94712345772
94712345773
94712345774
94712345775
94712345776
94712345777
94712345778
94712345779
94712345780
94712345781
94712345782
94712345783
94712345784
94712345785
94712345786
94712345787
94712345788
94712345789
94712345790
94712345791
94712345792
94712345793
94712345794
94712345795
94712345796
94712345797
94712345798
94712345799
94712345800
